PUBLIC_DEFAULT_LAT=29.9792078648892
PUBLIC_DEFAULT_LON=31.134269473475534
PUBLIC_DEFAULT_ORIENTATION=0
